1264.00
1232.50
1232.33
1223.50
1222.80
1229.17
1232.00
1239.25
1240.89
1242.70
1246.09
1244.92
1248.00
1248.21
1243.33
1236.69
1233.18
1230.94
1167.95
1110.95
1059.62
1012.64
970.00
930.88
894.92
861.85
830.93
802.29
775.76
750.90
727.71
706.03
685.48
666.26
648.09
666.42
681.16
694.58
709.18
723.10
736.66
747.40
757.88
767.77
776.24
787.54
795.57
804.04
811.92
820.22
828.92
837.23
844.75
851.17
858.33
864.50
869.46
874.00
879.88
884.17
890.08
894.56
898.86
903.83
907.63
911.79
915.61
919.37
922.09
925.14
927.66
930.60
933.78
936.08
938.89
942.66
945.45
947.58
949.85
953.38
956.10
958.84
961.83
965.01
968.12
970.78
973.30
976.10
978.29
980.16
982.85
985.30
987.17
988.41
989.46
991.82
993.09
