11
12
16
15
15
8
9
14
14
16
11
13
11
16
9
16
4
4
15
11
1
10
7
12
6
12
16
15
16
17
16
16
14
21
16
13
16
20
16
11
15
18
16
15
14
29
17
20
10
16
15
15
18
16
18
16
11
17
9
16
13
16
17
17
21
16
8
16
13
16
13
16
13
22
16
16
18
9
16
14
16
11
9
4
12
10
3
0
1
12
9
14
12
13
16
12
16
13
16
16
16
16
15
16
10
14
16
14
17
16
17
16
12
11
3
10
13
16
10
16
15
17
14
15
9
16
16
5
1
16
17
15
13
11
11
14
14
14
14
13
14
16
16
16
20
16
16
17
20
16
16
17
17
16
18
15
15
15
15
12
16
11
16
10
11
4
14
18
15
16
16
9
3
3
0
1
0
4
6
12
16
15
12
7
13
14
10
9
7
16
7
2
6
6
2
9
8
14
16
14
22
19
16
15
16
19
16
14
14
10
6
0
16
16
16
10
16
16
10
1
10
11
16
16
15
6
3
5
0
0
0
0
0
0
0
0
0
0
0
0
0
0
5
0
0
2
0
0
0
9
15
12
10
14
4
13
16
10
11
16
16
16
12
15
14
15
9
12
7
14
15
13
11
9
8
12
15
16
16
9
10
8
11
16
16
11
16
13
16
16
16
14
10
11
7
14
7
11
8
11
4
16
9
12
16
15
16
16
13
16
6
14
7
16
16
12
15
3
14
13
10
12
16
16
9
16
14
10
9
16
15
11
13
16
14
17
13
17
11
16
13
12
16
15
14
16
16
14
14
15
13
13
3
0
4
16
16
16
16
16
21
13
20
16
15
15
16
16
16
11
16
16
16
13
16
18
16
10
16
16
13
14
17
11
16
11
6
14
15
9
11
16
14
9
11
8
9
11
11
15
9
10
14
14
9
16
14
15
7
12
10
9
12
13
9
16
14
11
16
17
10
16
17
6
11
5
7
0
0
7
1
10
15
15
20
17
17
19
16
16
16
16
15
16
16
16
11
14
16
14
13
16
16
16
9
14
16
16
10
16
14
18
15
16
16
16
16
11
13
16
11
16
19
16
16
16
19
16
16
15
12
16
11
15
15
16
19
14
14
18
10
7
16
16
14
16
15
14
16
11
13
17
13
16
16
13
8
6
11
13
16
12
6
7
0
0
0
0
0
0
0
0
0
0
0
0
0
0
0
0
0
0
0
0
0
0
0
0
0
0
0
0
0
0
0
0
0
0
0
0
0
0
0
0
0
0
0
0
0
0
0
14
9
13
6
9
0
7
12
11
3
7
9
8
7
3
1
9
11
6
14
0
0
5
9
5
4
9
0
3
11
6
3
12
14
12
12
10
10
16
10
13
16
13
14
1
11
6
7
7
11
14
16
16
16
13
14
13
14
11
16
9
9
10
14
15
16
10
7
11
14
11
12
16
11
13
14
11
7
14
16
9
13
9
2
0
5
15
14
15
16
16
13
14
13
14
13
9
6
6
12
16
14
13
15
15
14
17
15
14
16
16
13
16
13
16
17
9
20
16
9
15
14
1
6
1
16
8
11
10
16
14
14
10
11
16
16
13
10
15
17
11
16
15
11
15
13
16
8
16
16
11
16
12
16
14
19
14
13
11
13
10
15
16
16
15
16
12
11
14
14
16
21
10
11
16
13
16
7
7
15
3
15
13
13
13
11
13
16
13
7
13
14
12
10
7
16
13
16
7
16
9
16
16
13
15
16
13
13
14
16
11
12
15
16
6
13
0
0
6
12
16
1
0
6
16
3
8
6
15
16
13
12
0
8
13
16
16
12
16
13
16
16
6
13
16
9
13
10
13
15
10
15
12
16
11
13
9
10
7
13
13
7
7
3
13
16
16
14
13
11
13
16
16
16
19
14
14
18
16
16
14
16
15
15
10
15
14
7
11
16
14
16
17
16
11
15
16
10
16
16
12
13
16
16
16
18
10
16
14
16
11
14
17
16
16
15
14
14
14
16
14
14
17
15
14
16
15
17
16
12
10
12
14
15
17
16
13
16
16
14
15
16
15
16
16
16
16
16
14
13
14
14
16
18
12
16
16
18
18
11
14
14
14
14
16
14
16
7
16
13
13
14
15
19
12
18
11
16
12
15
12
12
16
16
15
16
13
9
14
16
16
13
16
10
16
16
7
16
12
16
16
11
16
15
15
17
17
13
13
15
16
18
10
17
16
19
15
13
19
16
13
16
16
14
16
17
11
13
12
14
16
15
16
15
9
5
5
