-55.0 -55.0
-55.0 -56.0
-55.0 -55.0
-55.0 -55.0
-55.0 -55.0
-55.0 -53.0
-54.0 -54.0
-55.0 -55.0
-54.0 -54.0
-54.0 -55.0
-55.0 -55.0
-54.0 -54.0
-56.0 -55.0
-54.0 -54.0
-55.0 -55.0
-55.0 -55.0
-55.0 -56.0
-55.0 -55.0
-54.0 -55.0
-54.0 -55.0
-54.0 -55.0
-54.0 -54.0
-54.0 -55.0
-54.0 -53.0
-55.0 -56.0
-55.0 -54.0
-55.0 -55.0
-55.0 -55.0
-54.0 -54.0
-54.0 -55.0
-54.0 -54.0
-54.0 -55.0
-55.0 -57.0
-56.0 -56.0
-56.0 -57.0
-56.0 -57.0
-56.0 -56.0
-56.0 -56.0
-56.0 -56.0
40;;1
-54.0 -55.0
-54.0 -55.0
-54.0 -55.0
-55.0 -54.0
-55.0 -55.0
-55.0 -55.0
-55.0 -56.0
-55.0 -55.0
-55.0 -56.0
-55.0 -55.0
-55.0 -55.0
-55.0 -55.0
-55.0 -54.0
-54.0 -54.0
-55.0 -55.0
-56.0 -57.0
-54.0 -55.0
-55.0 -55.0
-54.0 -54.0
-55.0 -55.0
-54.0 -55.0
-55.0 -55.0
-55.0 -55.0
-55.0 -55.0
-55.0 -55.0
-55.0 -55.0
-55.0 -56.0
-55.0 -55.0
-55.0 -55.0
-55.0 -55.0
-55.0 -55.0
-55.0 -56.0
-55.0 -55.0
-55.0 -54.0
-55.0 -55.0
-55.0 -55.0
-55.0 -54.0
-55.0 -55.0
-55.0 -55.0
-55.0 -55.0
-55.0 -55.0
-55.0 -55.0
-55.0 -55.0
-55.0 -55.0
-55.0 -56.0
-55.0 -55.0
-55.0 -55.0
-54.0 -55.0
-55.0 -54.0
-54.0 -55.0
-54.0 -55.0
-54.0 -54.0
-55.0 -56.0
-55.0 -55.0
-55.0 -55.0
-55.0 -55.0
-55.0 -56.0
-55.0 -55.0
-55.0 -56.0
-55.0 -55.0
-55.0 -55.0
-55.0 -55.0
103;;2
-55.0 -55.0
-55.0 -56.0
-55.0 -55.0
-55.0 -56.0
-54.0 -55.0
-54.0 -54.0
-54.0 -55.0
-54.0 -55.0
-54.0 -55.0
-54.0 -55.0
-54.0 -55.0
-54.0 -55.0
-54.0 -54.0
-54.0 -55.0
-54.0 -54.0
-54.0 -55.0
-54.0 -55.0
-54.0 -55.0
-54.0 -55.0
-54.0 -55.0
-54.0 -54.0
-54.0 -55.0
-54.0 -55.0
-54.0 -55.0
-54.0 -55.0
-54.0 -55.0
-54.0 -55.0
-54.0 -55.0
-54.0 -55.0
-54.0 -55.0
-54.0 -55.0
-54.0 -54.0
-54.0 -54.0
-55.0 -55.0
-54.0 -54.0
-54.0 -55.0
-54.0 -55.0
-54.0 -54.0
-55.0 -55.0
-55.0 -55.0
-54.0 -55.0
-55.0 -55.0
-55.0 -55.0
-55.0 -55.0
-55.0 -55.0
-55.0 -55.0
-55.0 -55.0
-55.0 -55.0
-54.0 -55.0
-54.0 -55.0
-54.0 -54.0
-54.0 -55.0
-54.0 -55.0
-54.0 -55.0
-55.0 -55.0
-54.0 -55.0
-55.0 -55.0
-55.0 -55.0
-55.0 -55.0
-55.0 -55.0
-55.0 -55.0
-55.0 -55.0
-55.0 -55.0
-55.0 -55.0
-55.0 -54.0
-55.0 -55.0
-55.0 -55.0
-55.0 -55.0
-55.0 -56.0
-55.0 -54.0
-55.0 -56.0
-54.0 -55.0
-55.0 -55.0
-54.0 -54.0
-55.0 -54.0
-55.0 -55.0
-54.0 -55.0
-55.0 -55.0
-55.0 -54.0
-55.0 -55.0
-55.0 -55.0
-55.0 -55.0
-55.0 -55.0
-55.0 -55.0
-55.0 -54.0
-55.0 -55.0
-55.0 -55.0
-55.0 -55.0
-55.0 -54.0
-55.0 -55.0
-55.0 -55.0
-55.0 -56.0
-55.0 -55.0
-55.0 -55.0
-55.0 -55.0
-55.0 -55.0
-55.0 -55.0
-55.0 -55.0
-55.0 -55.0
-55.0 -55.0
-55.0 -56.0
-55.0 -54.0
-55.0 -55.0
-55.0 -55.0
-55.0 -55.0
-55.0 -55.0
-54.0 -55.0
-54.0 -55.0
-54.0 -55.0
-55.0 -55.0
-55.0 -55.0
-55.0 -55.0
-55.0 -55.0
-55.0 -55.0
-55.0 -55.0
-55.0 -55.0
-55.0 -56.0
-54.0 -55.0
-54.0 -55.0
-54.0 -55.0
-55.0 -55.0
-55.0 -55.0
-55.0 -55.0
-54.0 -55.0
-54.0 -54.0
-54.0 -55.0
-55.0 -55.0
-55.0 -55.0
-54.0 -55.0
-55.0 -55.0
-54.0 -54.0
-54.0 -54.0
-54.0 -55.0
-54.0 -55.0
-55.0 -55.0
-55.0 -55.0
-55.0 -55.0
-55.0 -55.0
-55.0 -56.0
-55.0 -55.0
-55.0 -55.0
245;;3
246;;4
-54.0 -55.0
-54.0 -55.0
-54.0 -55.0
-54.0 -55.0
-54.0 -54.0
-55.0 -55.0
-54.0 -54.0
-54.0 -55.0
-54.0 -54.0
-54.0 -54.0
-55.0 -55.0
-55.0 -55.0
-55.0 -55.0
-54.0 -55.0
-55.0 -54.0
-54.0 -54.0
-55.0 -56.0
-55.0 -55.0
-55.0 -55.0
-55.0 -55.0
-55.0 -56.0
-55.0 -55.0
-55.0 -55.0
-54.0 -55.0
-54.0 -55.0
-55.0 -55.0
-55.0 -55.0
-53.0 -53.0
-54.0 -55.0
-55.0 -55.0
-55.0 -55.0
-55.0 -56.0
-55.0 -55.0
-55.0 -56.0
-55.0 -56.0
-55.0 -56.0
-55.0 -56.0
-55.0 -55.0
-55.0 -55.0
-55.0 -56.0
-55.0 -56.0
-55.0 -56.0
-55.0 -56.0
