-86.0 -86.0
2;;1
3;;2
4;;3
5;;4
6;;5
-86.0 -86.0
-89.0 -90.0
-88.0 -89.0
-88.0 -89.0
-88.0 -89.0
-89.0 -89.0
-88.0 -89.0
-87.0 -88.0
-87.0 -88.0
-87.0 -88.0
-87.0 -87.0
-86.0 -86.0
-86.0 -86.0
-86.0 -86.0
-86.0 -86.0
-85.0 -86.0
-86.0 -86.0
-86.0 -86.0
-86.0 -86.0
-85.0 -86.0
27;;6
28;;7
-86.0 -86.0
-88.0 -88.0
-86.0 -87.0
-86.0 -87.0
-87.0 -87.0
-87.0 -87.0
-87.0 -87.0
-86.0 -87.0
-86.0 -87.0
-86.0 -87.0
-86.0 -87.0
-86.0 -87.0
-86.0 -87.0
-86.0 -86.0
-86.0 -86.0
-87.0 -86.0
-86.0 -86.0
-86.0 -86.0
-85.0 -86.0
-88.0 -89.0
-88.0 -88.0
-88.0 -88.0
-88.0 -89.0
-88.0 -89.0
-88.0 -88.0
-88.0 -88.0
-88.0 -88.0
-88.0 -88.0
-87.0 -86.0
-88.0 -88.0
-88.0 -88.0
-88.0 -88.0
-88.0 -88.0
-88.0 -87.0
-88.0 -89.0
-88.0 -88.0
-88.0 -88.0
-88.0 -89.0
-88.0 -88.0
-88.0 -87.0
-88.0 -89.0
-88.0 -88.0
-88.0 -88.0
-88.0 -88.0
-88.0 -89.0
-88.0 -88.0
-88.0 -87.0
-88.0 -87.0
-88.0 -87.0
-88.0 -89.0
-88.0 -88.0
-88.0 -88.0
-88.0 -88.0
-88.0 -89.0
-88.0 -89.0
-88.0 -88.0
-88.0 -88.0
-88.0 -89.0
-88.0 -88.0
-88.0 -88.0
-88.0 -89.0
-87.0 -88.0
-89.0 -89.0
-88.0 -88.0
-88.0 -88.0
-88.0 -88.0
-88.0 -88.0
-88.0 -88.0
-88.0 -87.0
-88.0 -88.0
-88.0 -88.0
-88.0 -88.0
